51
-1.5893316,13.797393,9.5
18.891657,1.9810755,9.5
3.3351269,-0.51289564,7.5
-1.1012114,66.32137,7.0
-6.373548,87.59368,18.5
16.536638,87.3456,10.0
27.603008,81.40231,9.0
28.376911,74.816475,6.0
27.889452,68.99454,5.0
25.675264,56.600437,4.0
24.001686,50.62862,8.0
30.275019,55.648968,5.0
-6.2919645,20.99692,10.0
-2.0204327,31.692915,5.5
2.0847712,35.73976,5.5
-3.2733047,40.113976,5.5
-3.7030208,49.470802,7.0
-2.7452426,57.52353,5.0
27.14612,-1.0472482,5.0
64.86219,97.34875,22.5
83.62525,-0.5598202,16.5
91.18878,-9.557785,16.5
104.519066,-13.786358,16.0
124.04139,-3.3949876,12.5
91.60361,24.804564,8.0
89.387184,16.070017,4.0
88.75092,57.087406,7.0
120.91422,27.326242,8.0
121.92497,18.546322,5.0
123.634995,14.001318,5.0
123.59886,7.7347984,5.0
38.3921,95.71571,25.1
119.89766,65.26148,4.1000004
115.8109,69.339226,4.1000004
112.487564,72.66256,4.1000004
108.38643,76.763695,4.1000004
104.79258,79.675514,4.1000004
99.56242,80.3269,4.1000004
96.253876,88.83056,10.1
83.291435,83.020706,10.1
122.264046,60.095505,3.6000004
122.83117,54.370964,4.6000004
123.86562,47.01086,5.6000004
122.868,37.551933,6.6000004
66.64925,-19.073994,21.6
44.228703,-8.244113,15.6
63.33905,35.870388,4.0
60.00975,27.853561,6.0
53.971615,28.520597,3.5
50.85029,31.914843,2.5
55.523335,42.0724,1.5
14
22.946304,61.581543
10.709533,77.06016
2.6750114,43.838375
8.49313,7.4458475
33.70028,65.21766
54.87942,34.281036
57.816154,3.1887894
95.59718,15.294514
57.123127,74.26711
93.68739,77.19862
92.75379,49.633488
116.75979,60.245575
117.57353,9.403959
28.804207,29.05412
