20
-1.5893316,13.797393,9.5
18.891657,1.9810755,9.5
3.3351269,-0.51289564,7.5
-1.1012114,66.32137,7.0
-6.373548,87.59368,18.5
16.536638,87.3456,10.0
27.603008,81.40231,9.0
28.376911,74.816475,6.0
27.889452,68.99454,5.0
28.536028,62.763268,4.0
25.675264,56.600437,4.0
24.001686,50.62862,8.0
30.275019,55.648968,5.0
-6.2919645,20.99692,10.0
-2.0204327,31.692915,5.5
2.0847712,35.73976,5.5
-3.2733047,40.113976,5.5
-3.7030208,49.470802,7.0
-2.7452426,57.52353,5.0
27.14612,-1.0472482,5.0
5
22.946304,61.581543
10.709533,77.06016
2.6750114,43.838375
8.49313,7.4458475
33.70028,65.21766
